-8.234984287564277 -6.498035999952776 -8.235035712435725 7.5019639999527765 0.15 2.5
-13.6594 7.42631 -8.1594 7.42631 0.15 2.5
-2.758618 30.4362 4.210792 30.4362 0.15 2.5
4.1357973464102065 30.511199999986506 4.135782653589794 26.511200000013492 0.15 2.5
-1.0098663267948966 28.493899999993253 -1.0098736732051035 26.493900000006747 0.15 2.5
-1.0848740000000001 26.5689 2.415126 26.5689 0.15 2.5
2.3390142196901578 26.49401035319322 2.3687257803098425 28.49378964680678 0.15 2.5
-6.527705879186935 -9.619713202862327 -13.631494120813063 -9.583606797137675 0.15 2.5
-13.556494031041707 -9.658969999989036 -13.556505968958293 -6.408970000010963 0.15 2.5
-13.631514254789785 -6.484916536761729 -8.179685745210215 -6.41632346323827 0.15 2.5
7.562079735694276 10.632219050554145 13.660520264305724 10.687380949445856 0.15 2.5
13.531706428108931 10.761679999988194 13.53169357189107 7.261680000011806 0.15 2.5
13.660544503861729 7.337156134436132 9.19345549613827 7.308643865563868 0.15 2.5
9.268530617754038 7.384102420028192 9.259149382245962 -6.541394420028192 0.15 2.5
9.184191892795553 -6.476457946844628 13.615208107204445 -6.399182053155372 0.15 2.5
13.54283547385831 -6.325859804435954 13.43016452614169 -9.580600195564045 0.15 2.5
13.527999999989438 -9.50596796076938 7.528000000010563 -9.50595203923062 0.15 2.5
7.582763810646186 -9.430701058988925 7.572996189353815 -31.953698941011076 0.15 2.5
7.64798617953786 -31.867644491566956 5.098993820462141 -31.88995550843304 0.15 2.5
5.173784077269548 -31.974389957688402 5.194415922730452 -24.8998100423116 0.15 2.5
5.269249768918725 -24.948001850282974 3.7209502310812743 -24.949198149717024 0.15 2.5
3.795938088802937 -24.889450589005904 3.798721911197063 -28.178749410994094 0.15 2.5
3.8736550337061466 -28.103734030704477 -2.7716430337061464 -28.09866596929552 0.15 2.5
-2.6964198609076377 -28.1737224762737 -2.706340139092362 -24.903677523726298 0.15 2.5
-4.080052808798329 10.625829999931694 -4.080127191201671 -9.624169999931693 0.15 2.5
-2.6311100000026406 -24.978701990192345 -4.13110999999736 -24.978698009807655 0.15 2.5
-4.056478188915177 -24.9036601022387 -4.022681811084823 -32.0241398977613 0.15 2.5
-4.018160000004488 -31.93030338253091 -6.567559999995512 -31.93029661746909 0.15 2.5
-6.492556785945535 -32.005299999994094 -6.492563214054465 -30.255300000005903 0.15 2.5
-6.417560500000599 -30.330300451931553 -6.7581794999994 -30.33029954806845 0.15 2.5
-6.683177245096172 -30.255300000005057 -6.683182754903828 -31.75529999999494 0.15 2.5
-6.608155000007234 -31.680305453166827 -10.718184999992765 -31.68029454683317 0.15 2.5
-10.643197245096173 -31.75529999999494 -10.643202754903827 -30.255300000005057 0.15 2.5
-4.093213046512145 -9.611299909064478 5.319525046512145 -9.580040090935523 0.15 2.5
-10.56820000000484 -30.330303648685966 -13.318199999995159 -30.330296351314036 0.15 2.5
-13.243187602932776 -30.40529999997723 -13.243212397067223 -23.65530000002277 0.15 2.5
-13.31816 -23.7303 -6.568160000000001 -23.7303 0.15 2.5
-6.645064186250242 -29.025599999934222 -6.645135813749758 -9.525600000065777 0.15 2.5
-4.071232885020046 -13.532773325670883 -4.0825671149799545 -23.18982667432912 0.15 2.5
-4.15748 -23.1033 -1.15748 -23.1033 0.15 2.5
5.204472722442622 -9.65528600387575 5.044347277557378 10.629582003875749 0.15 2.5
-1.2335909234693379 -23.17823380106206 -1.0945290765306623 -13.532766198937939 0.15 2.5
-1.0206300000052813 -13.60780398038469 -4.0206299999947195 -13.607796019615309 0.15 2.5
2.232490752267648 -13.500137805375827 5.320469247732351 -13.511662194624174 0.15 2.5
5.245925771286543 -13.436303206096074 5.1856342287134565 -23.186296793903924 0.15 2.5
5.261549681287738 -23.111189895428335 2.2380903187122625 -23.119210104571668 0.15 2.5
2.3136250434918235 -23.1939890193769 2.3074349565081764 -13.425410980623097 0.15 2.5
-6.656851626326624 10.511242962494148 -6.596048373673376 32.02435703750585 0.15 2.5
-6.647994046688747 31.925808271629442 -3.993945953311253 31.93659172837056 0.15 2.5
5.1199699999837165 10.554587727147206 -4.130029999983716 10.554612272852795 0.15 2.5
-4.068939898685966 32.01119999998144 -4.068960101314034 26.51120000001855 0.15 2.5
-4.143945 26.5862 -2.608615 26.5862 0.15 2.5
-1.084869368446989 28.418436814672198 2.4426173684469887 28.4395631853278 0.15 2.5
4.05682 26.5685 5.30682 26.5685 0.15 2.5
5.237732269291401 26.48861711690339 5.1663877307086 31.97058288309661 0.15 2.5
5.13303 31.8956 7.63303 31.8956 0.15 2.5
7.557771610390071 31.97052606658569 7.637348389609929 10.557873933414307 0.15 2.5
-4.055522093125121 24.511599999967114 -4.055557906874879 14.761600000032889 0.15 2.5
-4.095167354967073 14.836055329849588 -1.085272645032927 14.857344670150413 0.15 2.5
-1.1335020931251212 14.781900000032888 -1.133537906874879 24.531899999967113 0.15 2.5
-1.0852688160205102 24.45651765312411 -4.12671118397949 24.469482346875893 0.15 2.5
2.3472299701755266 24.51712871995755 2.428730029824474 14.822271280042447 0.15 2.5
2.40662 14.8972 5.27286 14.8972 0.15 2.5
5.197877805604614 14.8222700000327 5.1978421943953865 24.517129999967295 0.15 2.5
5.2728599999947185 24.45739601961531 2.272860000005281 24.45740398038469 0.15 2.5
-6.5816000000123225 10.586190712435723 -13.581599999987677 10.586209287564277 0.15 2.5
-1.1901186225480862 -24.89930000000253 -1.190121377451914 -25.64929999999747 0.15 2.5
-1.280414 -25.5743 2.438456 -25.5743 0.15 2.5
2.332871377451914 -25.64929999999747 2.3328686225480864 -24.89930000000253 0.15 2.5
2.4384559999934536 -24.974304934177738 -1.2804139999934534 -24.97429506582226 0.15 2.5
-13.504774081344099 10.66121397112852 -13.586225918655902 7.3513260288714815 0.15 2.5
-2.683612653589793 26.511200000013492 -2.6836273464102067 30.511199999986506 0.15 2.5
